54838
202995
26294
22562
57522
10400
20176
115536
34007
25739
43717
13233
24703
13413
14917
50952
54370
12680
10938
37551
13857
81764
49349
40948
71112
80924
37665
103003
16693
31541
26636
8509
15018
17106
104268
52218
660370
13925
92477
33138
157009
91571
10353
19306
352989
19760
30123
94606
414935
21717
227244
119281
9638
20776
33522
22598
58837
86546
209084
13206
81055
40611
204736
64933
16828
10903
23929
3381
5781
297613
17955
905
1927
4987
99630
2516
2137
32601
58029
13706
13766
8187
1592
101068
9885
9795
7771
3259
6505
8778
1087
6804
9322
2459
635
5466
71022
126502
139024
53006
37873
9575
20483
4175049
204661
107688
1009737
406073
46602
220845
205456
18325
20838
41136
251673
37112
11007
5201
27775
10960
22517
15200
25361
8284
24126
20930
104419
61910
49071
17254
7531
12022
18617
121209
17755
12137
97816
18014
44298
22094
33480
13353
37034
13483
17371
71868
26103
7015
16702
9676
13866
12421
21713
71336
15707
16211
43912
43715
7453
9029
8513
7858
24321
10298
19557
10835
24016
20196
63577
8297
393643
17427
26654
116397
10540
7831
127428
17272
16811
12380
40093
16773
224491
78925
6721
21513
1634634
1087
37037
224812
44957
21269
1124606
27246
184660
970442
27776
135114
179179
18174
877197
150199
64254
31383
10097037
153739
261016
17622
87168
266651
9048
14043
431241
141096
98709
3153962
373058
18516
2347921
1494294
58243
2117311
3284061
863836
721929
280171
765447
442522
1917481
273730
178361
2996
43336
433708
501346
533534
95388
63090
13094
457803
53550
846922
212053
74083
490768
16314
630637
12393
3553
5879
319175
64856
18600
1827
9237
8069
3577
5622
4438
29919
683665
1981
321964
53896
24621
674156
46267
57760
5807
14721
16178
764
6407
1352
565223
1384
8215
7442
54609
333309
14043
5545
21771
148227
744
12938
25722
40576
28237
18210
4607
16736
4329
17948
11971
163111
6503
11356
24422
6251
688
7840
2375
30126
23377
4786
285033
10050
945301
896358
184133
163555
860292
269717
151685
116468
173129
553658
214626
675254
259177
27351
181387
26743
565992
1885443
14411
172437
140311
202386
356107
68197
35650
16352
910584
309332
104420
11706
46051
17369
13111
15928
14267
27185
39325
177949
100222
1348848
19270
147478
48625
14101
8734
325091
699530
285997
39599
8408
18474
362587
342335
155624
2688156
76696
77930
197839
39836
1290639
323578
1424685
494919
947535
648758
71935
226464
297442
166231
404842
448246
117070
43671
22360
15274
516918
31522
63048
24561
18423
8344
11242
3196
45542
18378
74964
102079
17334
18975
153948
12705
18416
15680
34792
73152
22620
23494
6531
52470
10867
114467
65799
13234
285959
11067
24895
235387
123552
3077
272868
6836
739319
43000
45509
143912
17069
138106
12382
22949
16157
23312
27055
734770
21135
14034
91495
140268
10452
4037
57086
19299
22477
10695
24439
110203
96200
211228
22262
1005775
29497
3018
83373
56329
25076
16644
888884
43804
192458
8579
28704
33159
25431
11552
216571
149412
9151
63436
13687
15019
15927
8875
9709
28446
18240
10266
47513
29191
61640
7719
17646
113346
31324
21468
14033
13695
28397
8556
21177
5843
22453
26731
8945
17945
39450
198674
104941
35856
14728
151703
26855
30158
19097
17919
41233
11397
21320
2281
16226
7147
201333
88379
5206
14056
8561
63826
25472
5930
30685
6485
1643
25390
8245
16439
9017
44812
40536
27169
11207
6801
69593
7979
8342
22017
26241
68552
88358
35359
5377
20736
29422
2631
7897
28374
103677
8898
9909
9080
20705
195941
991339
88
71074
164042
433047
3889
84216
5879
8990
45066
21642
6961
41587
109924
11276
2567
1070
206894
6771
23500
887
8562
4059
25796
12954
12811
16680
15212
16296
27129
23006
149395
38796
7736
3795
5303
37983
20451
39996
4249
11292
22793
7700
12456
10732
82230
10046
9899
66857
6761
16684
53606
6748
33490
4858
14640
12848
209234
33457
15869
13402
37660
52160
5247662
19258
10860
104154
16181
19831
933965
17603
6509
34209
22033
13526
39390
35707
5222
13344
50363
8249
18215
4065
6997
49644
28522
59245
9628
38290
22223
22077
12780
529330
111758
122937
51374
704995
111023
16455
34515
36603
29270
31430
307650
173160
107363
45875
266069
38366
11919
13861
14565
12355
15744
33738
29186
34665
14740
51573
186512
21516
16349
15792
4287
5654
5728
32803
15953
146284
264805
24491
198884
7149
5111
21823
5505
45668
134290
17290
79173
11626
17466
14262
16520
14199
56914
686142
67440
287222
38939
34958
367543
81473
8690
12237
63028
14995
19882
38114
114831
26390
32381
10557
32811
49453
26336
42460
115765
42315
203024
23393
76499
16531
22952
20332
33620
67486
32414
308479
72392
39524
157754
48661
82340
36514
43886
33487
21136
32298
27829
148994
37763
78553
38614
487895
110853
45567
129383
939406
46740
10217
36001
144220
38242
69565
13968
47531
5887
19621
20830
16969
19307
12413
167365
25608
12796
37484
25134
28377
16710
268203
23657
44364
20639
22857
34491
20870
10589
186783
15252
7185
181449
15592
107586
31859
8270
61545
27779
66965
27847
24278
33453
7141
3753
13858
12572
5713
25601
133711
26453
24740
21115
20381
14886
9800
20419
13345
18308
42983
11487
12149
9210
16497
17727
47550
17095
80618
8776
8132
17389
39860
17005
96884
9698
20139
15910
10326
6913
8942
12404
10652
15223
11028
17256
14140
19844
9312
9550
6961
16278
19362
36740
17916
144931
20444
10172
15159
34893
220211
11279
8607
11751
15731
22308
33111
40364
14875
10675
8868
7922
10151
43020
13926
6163
15471
9137
24903
6964
467526
93608
18614
4976
9965
171927
11786
34769
96605
17217
6256
12434
7297
35505
48465
22147
6358
37048
10597
20736
102491
7502
12843
12662
7817
16419
4824
27173
14742
9698
66245
2655
3386
20527
2677
2081
8294
9200
8290
1827
35773
39151
2926
19204
7784
118222
2956
2573
29002
6307
37208
34693
25469
36660
2698
2597
7737
6077
1301
6233
2565
5781
34811
4088
1860
13284
18813
2962
579708
3936
7634
2572
20630
1630
79099
3144
9582
2786
33165
28634
12047
9842
4303
32756
6300
33426
5628
2952
10093
16261
3015
5538
15863
3642
5937
6768
5421
23126
9696
2508
63591
4688
9925
77149
5182
3100
7040
55453
4952
511164
23270
178736
2476
5963
3689
4216
2069
5795
23403
7896
2906
6884
1505
5568
2164
8848
3144
163832
19168
20678
21891
8216
43566
12201
27391
127818
20182
48506
29762
8288
13369
19987
78696
12734
12752
38658
91945
4856
10700
27443
15746
73155
35675
20990
10189
9169
6743
99509
11995
7548
14377
316002
14578
37535
50096
6269
8601
17213
24727
37230
26143
10973
35983
8644
106323
27511
18637
18418
46399
15572
4610
46077
13327
765192
51815
23136
164092
15692
31485
14121
59930
15873
6742
10646
23044
13600
24343
9286
26751
8311
64984
17879
9412
88237
12781
19216
31060
12304
17066
27740
6367
21402
9914
10621
27586
13268
31249
45115
7061
24025
64546
10728
4447
14472
27339
61785
12228
63858
2135
16933
24655
17685
52136
45941
17908
17990
25583
12450
14219
8750
14978
124081
12023
20609
13178
36122
7245
25858
62681
25645
119374
22890
40991
36530
13826
125577
251361
198427
10047
6825
10027
16266
20232
27111
445078
7276
19558
33713
20388
22301
73761
33137
15948
435275
31431
239281
98323
14985
47437
137463
11552
26309
38996
389791
156877
23443
22207
131801
8714
20551
24215
45425
52583
10469
21480
43542
83628
53883
52881
248913
128740
4773
113796
22492
59931
51415
46368
40055
25559
11286
15366
14645
107155
68855
289544
30057
54245
121005
39794
33784
57110
151949
16924
35115
50733
39126
31821
201267
72462
563502
827471
90468
32591
167133
102418
155692
32404
245114
29435
249589
311449
19713
1033994
905737
48991
110965
25684
37414
149116
101800
51425
622150
213811
127857
556878
17275
777175
70902
469230
160768
1585775
10945
694787
509146
782962
818380
10329
9251
114136
28719
23032
15303
8583
59415
105281
17393
155071
43653
134339
51340
26213
25394
37980
30613
77014
13853
36417
25655
108657
32919
410470
25222
15537
91546
41319
45872
36283
31759
287168
64046
25333
11316
70782
159292
259716
17252
637304
2123
11695
88387
21637
98385
187186
6429
10822
865086
24447
67319
28741
43026
23466
83626
14885
149386
62764
9288
172462
47888
1244711
26328
20895
6038
23177
8277
24211
280958
12794
23914
193314
159749
60805
41446
8123
68485
53731
75064
363109
1764726
32893
15855
344246
33442
45604
39412
4992
65658
25237
35407
98635
28687
12077
54113
62146
8796
5228
11426
63231
414240
20417
36782
13981
20727
30496
46073
5870
1222578
18681
20645
38277
45261
10095
15884
42590
4405
12798
6872
10547
3872
27736
5711
25837
35824
5437
9410
20034
23036
25484
32763
39420
8394
33532
21795
6621
151335
57544
14234
29042
9267
31510
10930
536879
4032
15422
14792
65307
9437
15619
200276
141361
91416
14887
155890
36610
9864
9379
24340
3369
21380
13668
18923
250494
11002
6355
50808
130978
9836
31570
37273
12546
18673
8157
33279
14639
10201
17401
8370
9214
16029
20004
24509
28869
19238
173265
75705
7732
23373
13545
21452
46292
200671
244241
18371
8705
1337
23548
141381
16548
7501
11643
68630
10116
52743
60881
78336
12672
22779
84743
30261
34524
59695
102475
25411
35892
35827
10194
29463
21574
10935
49516
34199
54947
12069
39927
30857
25441
7514
149429
28446
4567
27166
16077
18269
26879
14599
28471
22005
19483
10267
28285
14607
47507
47965
20491
9863
9090
18446
12463
27415
25307
17318
5293
25937
35310
11829
16367
18788
12320
174585
89157
42816
9009
44686
44743
78233
8879
6276
101348
13783
7595
83065
6808
235197
20568
76839
17608
24488
7577
16339
8285
12548
15620
13356
30818
102277
14747
6656
287302
10026
8621
21704
9266
4483
10139
40078
10214
686698
118539
223085
53497
3907
35442
32609
37971
10141
54604
12280
14935
22708
15279
12182
8959
28700
3660
24872
13947
15862
8633
11581
20060
18087
58160
22609
10848
13515
9350
17421
19070
42323
44806
18402
96434
31264
53169
4858
10161
25030
22772
6297
13788
385039
9412
17817
66228
1001213
23212
4502
4820
38999
8277
6102
29733
31307
6363
54211
25652
20758
33490
24786
13420
37542
2042
18219
315878
9298
13309
6674
5713
10403
1147
81887
5772
12075
1751
9572
9104
3171
11306
95852
100866
1284
13646
818
3170
16439
11574
1931
29453
66228
2392
19053
1699
8034
1822
4187
114114
4630
16006
474
4146
6097
1768
6800
1142
41143
11904
11415
9353
11294
3671
34691
9436
3620
6068
5079
684
7623
2110
1071
156534
31569
6413
451
713
477
5311
11327
2000
2982
48615
6535
8056
25413
8515
3961
5818
10136
6292
10734
9077
10830
20566
8954
23903
1910
5765
36560
549052
1773
5554
2977
2632
4830
21706
1916
2014
2025
646
2435
61149
9140
3442
915
2883
10268
714
6382
7213
5240
6556
8132
797
3716
8468
306136
35512
790
606
489
35021
7801
4925
3573
7002
4316
15840
2690
2937
9214
7189
32890
5179
10886
8022
1417
14204
175245
20946
36230
16995
5216
3036
1276
5942
5127
695
7072
4168
19922
9373
3592
779
13796
23934
2098105
47424
51747
830
2029
17023
5884
5137
51986
4422
42988
6624
3878
442728
9858
54069
60347
47392
76261
32332
89415
408811
148670
302930
126978
43158
270471
926997
446923
507784
94180
154838
790508
290823
664744
125396
368352
825867
624320
494432
587137
504588
63720
329678
142996
550367
106748
676678
3480
65878
27047
12449
50299
1871
214151
57724
28361
4351
719
4436
71496
19365
17830
24382
73461
4613
64739
8446
39364
19140
138531
128261
28233
148206
11235
17146
32814
15608
4166
75731
307476
47324
1440726
195794
77951
78300
130634
86718
48772
80723
61453
48296
45954
294108
920543
37958
50542
53800
58470
47634
4699
62654
116403
2610607
26830
64318
71672
745376
49579
1355319
1636713
212366
231234
466233
109285
376152
41457
119728
60497
99219
2307614
159456
472521
323078
110331
226053
154738
31408
18013
34814
97524
1492278
74854
49360
103018
179692
64411
62225
91284
969220
40922
25080
157100
36960
10861
25620
26637
17455
47385
20167
34140
122211
251973
89324
196215
81512
10284
68711
22822
155571
68256
27098
14249
10619
96885
56666
102906
331278
25112
35432
163575
41655
58892
300755
53744
367348
63630
212971
11529
8598
58182
20952
517414
52178
128027
59636
111926
24380
52728
5428
169497
41281
185135
9785
59440
57994
80535
44976
34078
21138
23262
1033282
15063
27456
94014
93805
219440
20538
193037
141379
12743
39407
57455
13467
39206
176098
20401
142634
45435
134461
91676
138588
66388
63605
35330
60635
46146
71971
14328
33167
4137
222017
44480
1022431
20213
12282
53062
124428
68291
81281
37628
17556
2398
11005
6817
947
6734
3280
2344
93180
170734
3826
5042
2456
4579
2305
3399
3327
1879
70371
2397
2287
2656
2448
4136
1929
5975
2722
12781
9660
8786
30239
10299
2918
1866
7035
4274
11647
5452
2552
16287
14694
3868
1310
4376
781
31869
1915
21050
2250
7993
10845
70712
4102
35288
27946
104069
53289
98372
65948
45761
68957
43695
376029
27718
38951
135740
201942
41817
104734
36578
42320
1258923
51973
38328
193298
75369
151202
28598
1257552
42291
30234
93929
164279
39386
809606
75635
31627
15391
27470
42952
28498
43881
58320
32560
67489
60987
229878
60916
170612
45266
305402
433585
44128
231904
65382
176152
23178
40720
104082
14260
531837
14741
34951
86174
14470
40754
18954
35972
56993
28244
162615
41289
34019
121702
77050
59462
76849
55637
48980
374710
541833
203336
92773
54353
28325
13083
223900
61007
116240
37004
129306
22178
22107
5903
13883
5445
23561
9749
45041
29429
133229
48556
48373
14976
2204
274081
5593
124047
5991
14709
70759
29482
41647
4970
4225
63285
27901
54598
4486
6029
2765
3847
12700
13586
25467
6268
10957
45274
15556
9113
10602
49784
34930
45360
9785
37985
33124
19816
7759
16260
40885
13852
69331
11534
10507
12116
777829
39079
47342
31845
16448
81324
44711
38354
71495
11144
3776
90144
25401
41374
44607
21439
7584
640979
76770
52106
11756
9293
21609
15873
88270
399799
37800
49656
62654
21459
22296
174244
107191
1868
7209
7149
22955
211432
22555
84508
65661
7782
362047
47008
120244
30237
329287
11147
790230
78991
1689
25567
76498
25698
6812
25455
572872
1326
101449
101776
1228965
66753
168267
48735
415193
124585
61648
625366
185937
136029
4775
63773
160442
515137
38871
80717
39381
66702
86510
245766
273138
563161
30892
278182
133224
7377
153074
14505
37400
45485
86773
44345
24437
211904
535737
88113
137491
359720
317978
115576
42406
113633
46433
166598
817373
18292
300120
92890
45848
1571258
55350
17085
144129
40523
75396
6267
41783
41520
45551
52956
40327
207727
51812
357034
27808
441800
49115
163750
83268
633856
126184
24775
165657
9420
193743
14689
21782
179825
203035
14760
389299
56511
32395
46156
33978
37452
67519
31165
152854
26767
22878
138740
61483
490860
70010
19966
308956
27428
63648
86322
66474
17798
281779
9661
31767
27574
37776
75888
89170
121521
405992
20187
296580
107173
27736
32518
250586
2740
18120
3401
6947
33796
38410
5240
2097
10203
1413
9361
3652
13764
27886
4176
8444
19908
5496
4325
5698
2949
3994
6796
2307
7220
4192
1850
5982
3306
3389
1268
17551
7268
1386
3276
2020
917
4953
12333
24825
52962
3880
5474
2397
4814
26772
2024
2208
183485
6451
14360
108068
2975
2292
10204
2348
6554
2975
1402
10034
5418
8132
14918
5405
22684
2838
75485
46922
16184
14489
126869
103714
39683
13743
27968
56374
39573
17106
31535
7691
35068
54092
14592
58137
680884
11595
19308
51327
37775
39231
17859
41320
49215
28967
22844
68521
13335
63375
353769
6579
25782
25754
56251
17985
27969
32134
24378
8123
18143
11526
52981
17833
451161
7573
26916
42450
11884
33607
50909
52469
25864
23052
97578
28383
31543
87405
11790
45655
192469
6255
21485
30574
22062
7848
5133
16771
75071
32372
52728
68466
297949
21889
14635
95386
937953
19228
13197
156310
175247
61535
8045
17791
19160
5693
40269
126116
16680
33847
26367
211524
128526
57646
18083
87874
24815
8758
1901
48349
29473
7222
21148
80281
3609
32612
336174
1896116
11042
655
17868
93494
345617
216450
9136
1515
7200
37749
17614
44753
40442
21906
13591
420058
12708
6011
30141
7797
39068
51594
7167
10357
2975
3227
8316
915665
3013
20929
128783
13389
4175
39173
76197
1439
5002
3738
5917
2256
7288
2558913
12990
18851
5157
779528
20634
2208
10939
3392
11342
18165
159933
1912
163391
833961
41195
17231
33500
24964
3893
5851
1226
715067
10606
19745
19269
20241
321003
6418
25954
1379
7510
20532
23251
125647
123915
27305
150665
34066
3096
8079
5647
3915
55761
4561939
66710
5700
5843
194591
4273
79507
841061
34871
23317
55290
35990
22758
37282
3539
89719
21810
1543
8883
14810
35260
2199
255232
5307
41526
159368
19972
15400
114140
39965
440
747
50854
4393
281
3608
31487
3794
49380
13265
20379
7650
19916
16873
17034
79611
23475
3563
12177
20083
119
298365
5747
8259
245523
835
13970
10135
5653
4058
36775
57806
48419
2134
162359
24370
4889
8864
19257
536124
21825
12369
1146
65538
48209
14159
15100
360616
10717
2064
83946
27966
23665
125696
9823
16012
46632
121385
7089
11136
130443
3811
3297
12355
14955
7324
910
16701
90169
10394
53006
10445
8347
27358
67126
5930
3195
17566
3337
25414
3051
222447
8620
63595
9390
1336
1399
3916
7484
1985924
136141
870
12757
1559
32697
117501
1180173
14544
21372
40339
3656
26968
48951
53444
92178
70861
48663
11633
34833
270120
41426
5664
131034
13067
21902
507104
47185
8013
62857
43119
8648
18165
14511
12322
6351
51832
119774
20385
1105
334676
20756
10359
4969
9555
48120
10541
7040
12627
11046
1491
2300
1102629
15240
28663
20860
39647
62617
37783
572650
29147
154680
2691
242963
36926
36161
30643
161294
6196
48973
6870
25238
28890
27030
59547
58645
43252
55532
32910
105119
15420
12782
31832
15485
228746
74293
4456
77598
6534
33344
16856
22705
17016
55289
29891
29850
7040
12172
334955
14242
5138
49553
9746
15202
28111
11097
1140164
68431
15548
26111
56227
83513
16767
37007
22159
15956
19186
11813
35082
103078
324289
51912
2196
36155
72836
7086
25399
16285
10825
24550
374054
34615
12329
13046
8844
30933
10683
97348
14757
20382
12095
12246
15606
35183
23660
17953
62000
28056
23120
38212
451232
34341
7390
8783
93337
22375
78453
27824
22244
42841
31411
18121
129944
140917
6670
11686
42904
38675
54337
17549
39567
29098
67828
153863
17041
6533
46433
235168
17482
5661
41937
5525
23439
13837
8334
28054
6798
136187
52755
22228
7123
79271
41530
16054
13277
180948
246534
4005
32000
12014
96308
17341
220847
99733
25426
24219
88127
450474
21558
14767
27470
19244
22106
190316
75123
73222
456986
3961
103050
40559
7519
88779
2222
93670
71027
80031
30331
2126561
259320
43092
20997
75419
10289
61033
41352
20869
13087
841706
16198
121604
11378
770049
488749
43544
268014
4027
59976
211940
48128
248065
16971
111683
23246
14372
23205
96571
7466
8874
8701
44706
8306
11672
35585
23314
29968
13831
68539
29163
56081
188270
16436
21279
34437
19763
56744
32191
27081
61124
27384
25320
104706
13578
17487
25550
42996
7104
7499
8574
33844
56600
77371
29206
10082
14377
13134
16928
7088
8952
24725
41195
8636
15777
5805
86326
22173
20025
15809
45357
14980
257899
13241
15138
49812
63416
34349
56672
16328
522847
87827
27307
43483
44249
102119
4346
101951
9005
52085
36918
18712
23591
5719
20521
84503
26314
167967
20317
117726
16792
19043
27858
79495
135289
40653
15118
4525
958654
45306
37478
35308
183417
87934
7234
41038
43213
70497
13577
194710
17559
161052
14127
87139
63264
16290
41062
115239
20321
29441
30318
21435
102513
15519
133932
396261
51682
23946
169270
73364
37956
11950
49269
15618
14299
7437
40228
13551
4717
8609
97006
18738
82123
2496
28925
8797
29886
10046
44754
23016
20770
8280
7197
