1050.8
1174.1
638.6
426.8
453.5
236.9
834.1
1741.4
1541.1
1692
1021.2
850.7
1061.3
1196.1
152.4
838.3
1830
1373.6
289.4
1438.2
837.2
1545
583.9
900.1
333.2
790
988.2
1843.4
374.5
1536.5
207.9
175
398.4
208.4
1417.8
1026.8
1147.5
343.3
1153.8
426.4
502.1
551.7
76.8
298.3
985.4
906.5
2050
1780.3
1066.3
752
669.6
1331.2
N/A
886.8
764.6
647.3
1284.4
905
1119.7
298.8
1142
588.2
978.5
4079.3
236.6
288.9
1142.3
N/A
N/A
863.8
N/A
N/A
N/A
N/A
461
N/A
N/A
742.9
1362.1
817.4
386.3
N/A
N/A
930.4
N/A
N/A
N/A
1017.7
N/A
N/A
N/A
N/A
568.1
250.3
N/A
N/A
235.8
1202.9
461.8
1776.4
2404.3
N/A
1078.5
884.5
1737.1
852
1389.8
688.2
288.6
1213.4
695.9
528.1
300.4
1458.3
948.9
1583.2
869.8
1741.4
625.5
N/A
597.4
1196.1
152.4
N/A
858
1009.5
1055.1
1512.8
622.4
582.2
900.1
1028.1
812.8
932.9
1536.5
1566
1680.2
212.6
175
871.2
900.3
1161.1
1666.2
1975.8
1026.8
1147.5
374.1
N/A
426.4
502.1
224.3
292.8
554.4
1155.1
985.4
2050
1041.2
805.9
752
669.6
N/A
N/A
934.6
N/A
1251.4
764.6
284
1003.6
1428.1
937
962
647.3
644.7
942.6
2048
971.9
2962.5
294.5
1249.4
590.4
1064.5
571.3
236.6
1061.1
163.2
299.6
413.4
N/A
1785.4
2665.4
1729
535.6
664.2
1941.8
909.9
749.1
988.1
1837.1
475
808.7
652.5
638.2
2444.1
2159.7
340.7
586.9
632.9
640.2
1597.3
732.1
1513.7
280.2
745.8
609.8
N/A
525.4
978
1542.2
577.1
748.7
551.8
527.7
450.1
595.4
637.1
1010.1
452.7
888.5
255.4
288.6
2218.4
N/A
1680.4
625.8
882.9
1277.1
2016.4
1450.3
1651.6
844.5
2750.5
650.2
647.1
1492.1
613.4
2063.2
599.4
438.9
1223.3
528.4
810.3
664.1
908.4
724.3
803.9
49.6
N/A
451.8
N/A
854
435.9
N/A
546.1
465.4
362.2
679.2
832.8
664.6
N/A
494.1
365.6
N/A
1140.8
1026.8
1147.5
1295.4
N/A
2444.1
504.2
882.7
1457.1
224.3
554.4
659.1
N/A
1383.7
910.6
780.7
1331.2
1368.6
290.8
166
1251.4
N/A
1237.6
1750.2
99.3
442.9
508.4
N/A
N/A
171.9
221.5
667.6
1618.8
236.6
590.1
695.9
633.7
652.9
759.9
708.1
903.7
841.8
539.3
851
1053.6
1247.8
2341.2
240.3
1084.5
1931.3
855.2
1793.3
1542.8
1371
1741.4
2716.6
1536.5
1196.1
1428.8
858
875.4
400.5
1396.5
988.2
1229.7
1536.5
481.7
644.7
N/A
1108.6
624.8
580.5
1465.3
2256.1
1069.8
2319.9
787.5
1654
1026.8
1147.5
N/A
2444.1
502.1
549.2
1790.3
351.2
985.4
1611.8
2050
1794
407.6
752
1522.3
1004.4
2344.3
525.4
1670.3
1427.6
2458.3
1931
1003.6
1668.6
774.6
1286.6
981.1
1735.9
1686.5
298.8
953.9
904.7
1064.5
1443.4
693
1088.7
236.6
967.4
455.6
1706.6
1931.3
1174.1
268.3
685.2
986.7
1058.8
760.8
426.8
1328.7
706.6
1222.9
563.7
779.6
607.8
568
1741.4
891.4
655.8
625.5
1444.2
853.1
727.7
N/A
765.1
1692
1061.3
1196.1
495.7
944.9
703.1
838.3
585.7
858
598.3
763.1
1512.8
1537.9
640.4
1194.3
927.5
333.2
841.7
N/A
902.8
546.1
520.8
N/A
576.2
362.2
1074.5
1168.5
1024.5
374.5
1090.1
615.4
1536.5
1566
1964.8
N/A
1242.8
1090
382.8
175
480.9
1372.3
757.6
247.7
2899.7
68.6
868.2
N/A
208.4
1417.8
356.1
1026.8
314.9
1375.3
1147.5
263.6
374.1
518
343.3
N/A
1665.7
502.1
351.2
224.3
N/A
76.8
479
1480
1293.1
298.3
985.4
2050
168.6
1041.2
566.5
752
669.6
1331.2
737.1
936.9
N/A
489.4
N/A
672.5
691.7
886.8
212.3
764.6
1003.6
962
1668.6
N/A
1883.6
647.3
893.5
664.4
N/A
284.9
1686.5
1223.4
1743.3
453.4
298.8
N/A
N/A
714.2
904.7
352.1
270.6
677.3
1114.6
1795.7
1070.9
N/A
637.6
360
N/A
1064.5
746.8
4079.3
1088.7
2561
N/A
236.6
1870.9
N/A
N/A
1061.1
648.2
288.9
986.2
N/A
562.7
994.8
367.6
N/A
1381.9
1121.1
776.2
613.4
945
1250.7
851
529.8
278
N/A
1136.1
797.2
679.6
2665.4
N/A
689.1
631.8
1112.1
597.4
867.3
N/A
790
1536.5
832.8
1274.4
708.4
735.2
1147.5
549
882.4
689.3
915.1
2010.8
224.3
985.4
308.8
1596.6
N/A
313.1
366.7
610.4
1375.3
467.6
984.9
1022.9
236.6
613.4
476.3
451.5
1583.2
N/A
242.8
1741.4
625.5
820.3
483.9
855.9
597.4
1196.1
554.3
756.5
598.3
1512.8
N/A
333.2
567.8
546.1
395.7
840.6
710.2
576.2
374.5
N/A
1536.5
1566
N/A
175
47.2
624.8
247.7
614.6
N/A
208.4
490.4
1026.8
314.9
1147.5
1151.3
305.2
374.1
285.7
644.9
409.6
861
2444.1
642.2
426.4
502.1
660.9
554.4
617.4
487.4
407.4
298.3
337.2
985.4
2050
1780.3
611.1
858.4
N/A
288.4
752
669.6
1331.2
239.1
207.5
584.7
N/A
221.6
764.6
1428.1
962
1668.6
647.3
782.3
492.3
543
942.6
900.9
1040.7
2048
1119.7
N/A
623
712.7
1064.5
801
691.6
N/A
236.6
1870.9
1061.1
624.5
503.8
1407.5
390.9
163.6
613.4
833.4
1789.6
948.9
1446.3
1583.2
N/A
625.5
820.3
597.4
1196.1
554.3
1512.8
982.7
1348.6
927.5
333.2
332.2
1076.7
709.7
374.5
1090.1
1013
1536.5
1566
854.9
212.6
175
624.8
247.7
533.5
828.4
208.4
1161.1
1098.6
1026.8
314.9
1394.2
1147.5
1643.9
374.1
861
948.3
240.2
2444.1
945.7
426.4
985.4
2050
1780.3
1794
649.6
752
669.6
1331.2
N/A
755.2
N/A
525.4
686.5
513.7
N/A
764.6
906.7
586.4
962
1668.6
647.3
959.1
1063.8
848.1
2048
1119.7
301.6
2115.1
982.8
1056.5
501.9
715.1
791.9
1064.5
1327.6
1198.6
1678.9
691.6
N/A
763.3
236.6
1870.9
749.2
1061.1
1213.7
361.1
613.4
399.2
912.5
468.6
948.9
505.2
1583.2
258.8
284.7
259.9
834.1
1741.4
625.5
820.3
134.1
960
1692
259.1
1061.3
1196.1
495.7
554.3
1512.8
900.1
347.8
927.5
332.2
595.1
388.1
448.1
283.7
374.5
1090.1
1536.5
832.8
175
47.2
270.6
624.8
247.7
614.6
533.5
208.4
1161.1
1837.1
613.6
138.2
1026.8
314.9
1147.5
374.1
518
111.4
237.5
502.1
449.9
108.8
840.7
223
985.4
730.5
2050
1780.3
221.9
566.5
634.4
752
669.6
363
209.6
1670.3
807.5
290.8
205.2
434.2
1003.6
699.2
485.3
587.9
260.2
2048
1119.7
141.5
330.1
54.9
904.7
1064.5
571.3
861.9
N/A
236.6
1870.9
N/A
390.9
216.4
395.2
562.7
592.2
833.4
N/A
770.1
1104.8
963.7
916.4
N/A
834.1
N/A
147
1692
724.3
597.4
1196.1
634.8
N/A
N/A
952.6
1512.8
927.5
388.1
N/A
546.1
710.2
N/A
881.1
634
632.4
N/A
1536.5
562.2
N/A
2404.3
212.6
216.6
1526.7
N/A
624.8
56
650
N/A
N/A
1026.8
1147.5
N/A
374.1
553
N/A
1295.4
746.2
N/A
465.6
224.3
449.9
554.4
223
662.9
2050
1780.3
N/A
649.6
566.5
669.6
N/A
3291.2
362.4
514.5
N/A
873.1
N/A
1118.6
N/A
427.9
1251.4
N/A
2018.5
N/A
894
1436.2
364.2
771.8
N/A
1063.8
1284.4
942.6
2048
221.5
1117.9
947.3
520.6
857.3
1179.3
N/A
N/A
524.4
724.6
677.3
924.5
N/A
N/A
236.6
N/A
843
N/A
685.8
361.1
833.4
N/A
1267
858.5
231.6
2736.8
1583.2
916.4
2001.8
1692.6
N/A
1681.5
568.3
806.8
834.1
1144.5
933.3
1083.1
707.9
625.5
2277.6
485.6
855.9
597.4
1196.1
554.3
622.4
N/A
982.7
554.1
N/A
1182.4
374.5
1296
1090.1
1536.5
1566
N/A
805.4
212.6
1003.9
1088.6
880.3
1523.7
247.7
614.6
1194.6
533.5
868.2
N/A
208.4
763.1
1290.4
1026.8
1147.5
937.9
374.1
1152.7
541.9
861
779.5
1213.4
426.4
502.1
1887.3
1658.9
2010.8
224.3
660.9
554.4
223
1841.3
1407.6
407.4
985.4
953.1
2050
1780.3
1794
611.1
N/A
476.9
288.4
322.2
752
669.6
1331.2
1431.1
942.2
379
N/A
629.1
686.5
2236.7
527.2
N/A
764.6
1353.3
962
N/A
738.7
1553.7
1284.4
2048
1119.7
1177.7
301.6
904.7
754.7
895.2
313.2
1064.5
N/A
236.6
1870.9
N/A
1213.7
524.3
163.6
755.9
833.4
975.6
229.5
947.7
1065.2
N/A
792.1
1037.8
748.2
1144.5
N/A
936.5
N/A
751.7
987
1029.3
537.7
505.5
1559.2
1536.5
212.6
803.6
1496.4
1026.8
1147.5
854.6
N/A
583.7
873.2
224.3
660.9
985.4
554.8
373.2
352.2
934.6
N/A
536.7
1458
N/A
782.3
682.6
777.6
549.8
369.1
301.7
381.4
1281.1
641.6
783
1021.1
1060.3
N/A
807.5
1064.5
801
534.8
236.6
N/A
1022
564.2
317.1
167
1317.1
870.1
N/A
1536.5
247.7
1364.4
861
224.3
915.7
1269.9
1462.5
844.8
821.8
730.9
236.6
986
1239.6
881.1
1071.5
1403.8
645.6
625.5
2550.9
1159.8
664.5
944.7
688.2
1170.8
1161.1
1053.6
669.6
381.2
958.1
797.1
821.8
N/A
236.6
1854.2
738.1
1071.5
865.8
813.8
822.4
782.7
520.1
1536.5
867.8
898.7
708.1
280.4
522.8
205.2
394.1
738.1
384.3
701.5
551.2
1294.6
1175.3
1108
914.1
291.1
855.2
826.1
760.8
741.2
1741.4
820.3
1314.8
1622.1
958.9
1897.5
554.3
1512.8
854
388.1
847.3
283.7
948.9
1252.8
1078.6
2006.3
749.2
596.2
335.7
688.9
871.3
546.9
1782.6
1010
680.4
1026.8
959.1
2057.4
1053.6
N/A
2444.1
685.4
178.9
692.7
660.9
1969
1013.4
1131.2
1376.1
760.1
611.1
974.4
352.2
805.9
242.6
752
1276.8
783.8
1687.8
1402.4
833.6
562.4
1681.7
332.7
1670.3
1377.9
2238.2
N/A
596.1
1960.4
856.3
962.5
965.6
400.6
1127.3
1177.1
647.3
571.3
578.8
1870.9
2037.2
1072.7
461.1
384.7
552.9
948.9
1098
535
N/A
932.4
377.6
820.3
958.9
208
1196.1
867.3
598.3
551.5
597.2
460.8
841.7
546.1
319.9
125.6
260.7
472.5
212.6
401.8
1417.8
760.9
452
660.2
1026.8
721.8
450.1
250.7
747
397.4
2444.1
1019.5
162.4
224.3
223
538.3
347.8
1780.3
1794
455
674.7
451
506.9
737.1
182.6
358.7
612.4
261.4
460.1
1563.1
427.5
693
1003.6
1428.1
420.9
304.9
358.7
258.1
364.2
480.2
622.9
741.8
2048
378.4
155.6
399.3
276.8
524.4
440
754.7
1067
N/A
1628.3
404.9
236.6
293.2
699
638.6
592.2
347
613.4
1745.2
581
974.9
948.9
757.3
1741.4
625.5
259.1
850.7
N/A
1061.3
1196.1
432.4
664.2
1438.2
875.4
1736.2
1536.5
1365.3
175
1067.5
247.7
533.5
521.4
787.5
219.5
N/A
1276.1
1026.8
314.9
1147.5
854.6
518
N/A
N/A
343.3
1153.8
426.4
581.1
502.1
650.9
224.3
76.8
985.4
2050
1780.3
752
669.6
1166
N/A
476.9
373.3
782.4
1080.8
N/A
764.6
674.6
774.4
N/A
749.5
2048
266.8
1177.7
1179.3
590.4
331.9
31.7
919.7
982.6
1066.2
N/A
1064.5
389
N/A
236.6
1870.9
N/A
N/A
1142.3
363.3
329.1
361.1
N/A
770.1
716.8
291.1
963.7
296
948.9
N/A
1583.2
284.7
834.1
1144.5
464.2
891.4
828.8
625.5
2277.6
820.3
134.1
N/A
855.9
597.4
1196.1
554.3
1199.6
156.8
1512.8
640.4
900.1
982.7
333.2
733.5
546.1
1314.9
1536.5
297.4
386.6
175
47.2
533.5
208.4
N/A
N/A
1161.1
1883.7
1010
1026.8
314.9
1147.5
374.1
861
1244.2
N/A
426.4
2010.8
224.3
449.9
660.9
504.7
298.3
985.4
N/A
2050
288.4
1041.2
805.9
174.7
752
669.6
1331.2
263.7
N/A
640.9
451.2
N/A
711.2
1596.7
N/A
717.6
2331.1
764.6
591.5
1003.6
962
1668.6
N/A
647.3
490.3
N/A
959.1
716.5
N/A
310.4
1948.6
674.3
942.6
1040.7
982.5
2048
N/A
1119.7
420
590.4
1056.5
1505.4
464.7
534.8
N/A
236.6
1870.9
N/A
562.7
592.2
674.3
459.9
378.6
278
495.4
N/A
2277.6
1104.3
448
N/A
N/A
1194.3
989.7
N/A
614.2
1290.3
N/A
664.6
760.2
N/A
N/A
1212.9
1147.5
N/A
2444.1
733
351.2
224.3
N/A
985.4
260
N/A
870
N/A
166
N/A
1251.4
741.5
671.4
1353.3
937
818.7
782.3
324.8
514.1
825.9
520.6
1360.6
473.7
N/A
467.6
547.6
N/A
1022.9
N/A
N/A
1019.3
613.4
400.2
N/A
N/A
278
1583.2
271.9
2001.8
N/A
528.2
111.1
834.1
820.3
134.1
N/A
748
724.3
1196.1
N/A
198.4
N/A
460.8
387.1
1194.3
N/A
72.1
841.7
546.1
1080.6
125.6
1536.5
N/A
N/A
587.7
550.7
664.6
N/A
212.6
1526.7
757.6
624.8
1194.6
N/A
N/A
N/A
N/A
1161.1
1147.5
374.1
386.3
1122.4
N/A
N/A
861
538.5
224.3
554.4
N/A
662.9
985.4
483.7
280
N/A
362.4
950.4
722.3
427.9
N/A
2331.1
212.3
591.5
1003.6
970.3
549.2
480.2
942.6
416.3
334
954.2
1117.9
520.6
857.3
141.5
N/A
N/A
677.3
217.5
1022.9
236.6
1870.9
N/A
N/A
986
1234.7
597.4
546.1
734.6
N/A
N/A
1837.1
N/A
224.3
223
N/A
2211.4
N/A
N/A
980.2
1703.2
1736.8
995.5
625.5
730.7
1166.1
804.4
2319.9
947.2
1383.7
1194.6
1056.5
896.2
574.4
1007.6
891.4
1098.6
N/A
520.1
1143.8
437.8
458.1
288.4
708.1
890.3
N/A
1095.4
577.6
921.2
821.8
2341.2
1064.5
N/A
963.5
N/A
1021.4
129.4
N/A
668.6
N/A
741.7
562.7
212.6
N/A
N/A
N/A
649.6
224.3
519.1
668.4
334.7
N/A
1368.6
871.5
905.1
324.8
651.3
N/A
171.9
999.6
N/A
671.1
1106.4
291.7
1064.5
981.4
542.6
1239.6
463.5
930
1032.9
326.6
147
1040.8
648.4
554.3
858
395.1
332.2
807.1
1083.9
520.1
1536.5
1566
948.9
175
624.8
422.7
1147.5
638.2
2010.8
660.9
985.4
752
669.6
1522.3
683.7
1279.8
N/A
536.6
660.7
525.4
352.2
482.8
2238.2
1668.6
291.3
557.3
893.5
474.4
249.9
458.5
541.1
466.2
1040.7
383.3
982.8
394.1
1056.5
668.3
536.5
824.1
N/A
236.6
1870.9
444.2
617.9
609.6
785.5
476.3
1017.6
366.6
981.3
932.5
1364.3
453.2
1058.5
1347.9
1048.4
607.8
1088.8
1144.5
891.4
1471.4
N/A
1113.9
727.7
1692
599.5
1196.1
N/A
2033.3
1524.9
N/A
231.2
1543
871.8
1304.4
642.1
649.7
369.3
615.4
1536.5
1118.8
N/A
2404.3
698.9
175
715.8
943.9
721.9
929.6
N/A
1137.4
262.8
N/A
1207
1026.8
577.6
518
502.1
673
224.3
775.3
298.3
985.4
1794
497.3
566.5
669.6
1085.4
992.1
1210.6
N/A
704.2
525.4
606
1027.5
485.6
356.8
1066
785.9
1003.6
647.3
893.5
1035.1
1383.7
1553.7
583.1
848.9
982.5
1127.4
801.2
2414.6
1043.9
1373.9
0.2
1064.5
1817.6
521
N/A
236.6
843.6
1870.9
986.2
843
845.8
1523
613.4
651.3
26.2
N/A
273.5
323
607.8
753.4
820.3
N/A
671.3
411.6
265.6
562.7
417.2
781
N/A
574.1
212.6
297
399
256.5
225.1
554.4
487.4
1293.1
290.8
407.4
288.4
3291.2
95.3
942.2
N/A
581.3
212.3
420.9
461.8
258.1
782.3
354.2
N/A
520.6
141.5
N/A
N/A
276.8
631.5
311.6
228.2
592.1
327.7
749.2
612.4
613.4
833.4
377.9
1058.3
983.5
295
1681.8
N/A
834.1
625.5
483.9
597.4
1098.5
554.3
884.8
713.2
1512.8
580.2
457.2
652.9
332.2
1083.9
633.7
374.5
1536.5
1566
1582.7
565.7
175
1115.7
624.8
247.7
614.6
533.5
208.4
1338.8
769.6
787.5
688.9
1026.8
1147.5
861
2444.1
426.4
730.5
554.4
725.1
840.7
985.4
1330
2050
622.6
1218.4
288.4
649.6
752
669.6
1331.2
387.8
1214.2
755.2
N/A
672.5
N/A
965
764.6
706.9
740.6
1668.6
782.3
1629.9
748.8
1382.8
383.3
1119.7
N/A
667.6
1387.2
667.7
1064.5
421.8
325
N/A
236.6
1870.9
612.4
452.6
476.1
361.1
N/A
368.7
N/A
1446.9
278
563.7
1037.8
1160.7
2277.6
1692
850.7
600.9
N/A
922.3
N/A
N/A
1229.7
1428.6
N/A
332.2
N/A
881.1
664.6
716.5
382.8
212.6
398.8
1690.7
56
N/A
470
1026.8
1147.5
577.6
1041.9
913.3
1295.4
N/A
840.3
224.3
554.4
N/A
1572.3
744.5
1293.1
N/A
1780.3
439.2
737.1
1168.5
755.2
744.5
N/A
1435.1
1368.2
N/A
N/A
427.9
1009.1
2037.3
674.6
N/A
N/A
N/A
1325.4
1686.5
796.5
1743.3
464.7
556.6
1455
604.6
236.6
N/A
486.3
811.2
1931.3
948.9
932.7
2298.7
858
1166.1
752.7
668.6
812.5
546.1
N/A
212.6
1280.8
1005
1026.8
1147.5
1685.3
970.3
2444.1
N/A
224.3
449.9
1271.8
2050
387.8
812.3
1003.6
857.3
1998.2
942.1
1064.5
760.9
1814.9
236.6
N/A
1103.9
613.4
731.9
969.9
N/A
776
606.7
1459
1793.3
1071.3
834.1
2026.2
N/A
N/A
465.1
583.4
566
851.1
554.3
858
1512.8
N/A
834.2
332.2
N/A
1083.9
374.5
601.6
1536.5
1566
175
437.7
842.6
1147.5
762.9
1225.9
538.5
426.4
731.2
446.7
992.8
835.6
1229.1
288.4
837.3
752
669.6
823.5
N/A
1035.4
N/A
917.2
764.6
794
932.3
719.5
821.8
1056.5
701.5
668.3
1064.5
927.9
N/A
236.6
1870.9
765.7
617.9
986
822.4
1053.6
686.9
671.6
236.6
366.4
823.3
277.5
N/A
776.4
1030.9
1364.3
466.3
1741.4
682.8
1692
583.4
775
513
1037.1
1370.1
936.2
664.5
305.9
633.7
1134.3
1041
1121.5
N/A
409.3
1401
314.9
543
538.5
1665.7
502.1
694.7
0.2
2050
906.4
534.6
489.4
822.7
886.8
782.3
393.4
1146.2
298.8
1064.5
740.8
986
N/A
586
N/A
266.8
348
N/A
472.1
528.2
2665.4
1083.1
334.5
597.4
1196.1
689.2
N/A
N/A
729.6
N/A
N/A
N/A
546.1
329.2
862.7
837.4
212.6
721.1
904.2
N/A
597.7
N/A
N/A
470
617.9
N/A
1026.8
416.4
518
472.8
2444.1
426.4
224.3
136.7
264.4
662.9
1780.3
N/A
N/A
119.1
546.3
241.2
N/A
1563.1
N/A
794
200.5
N/A
N/A
N/A
N/A
754.7
691.9
360
1064.5
512.5
673.1
N/A
N/A
776
948.9
898
453.5
869.8
1083.1
861.9
625.5
2277.6
867.8
583.4
N/A
1196.1
2546.7
838.3
583.1
N/A
871.8
927.5
333.2
1583.2
1727
374.5
2868.5
1536.5
854.9
752
1847.7
175
47.2
4309.8
624.8
247.7
628.6
614.6
1057.7
929.6
N/A
208.4
763.1
1417.8
219.5
1026.8
1147.5
374.1
861
2444.1
1153.8
426.4
2010.8
224.3
1619.7
1946.6
1600.5
298.3
985.4
2050
1780.3
1277.1
1218.4
752
669.6
1085.4
1331.2
1121.6
1157.2
N/A
5542.6
1003.6
1668.6
1578.6
1976.6
N/A
583.1
2048
2416.4
294.5
1119.7
1179.3
453.4
1056.5
724.6
791.9
2462.8
1765.8
1064.5
571.3
N/A
236.6
1870.9
668
1061.1
1407.5
843
N/A
412.4
982.1
1074.6
N/A
969.9
708.2
314.7
472.2
N/A
541.7
1152.8
580.6
2736.8
612.4
68.9
N/A
369.5
990.6
506.3
441
885
N/A
1222.9
N/A
407
1047.8
1144.5
1741.4
N/A
N/A
845.8
1736.8
820.3
N/A
1541.1
1692
1491.3
1196.1
N/A
N/A
N/A
527.4
N/A
372.8
742.5
N/A
N/A
880.6
456.8
N/A
466.2
583.1
113.1
N/A
796
900.1
1194.3
376.7
854
512.4
591
N/A
675.8
N/A
1396.5
830.4
549.8
710.2
881.1
679.2
817.3
456
1024.5
374.5
N/A
1090.1
579.3
294.1
1536.5
495.2
396.3
437.2
705
N/A
658.2
N/A
146.9
451.9
216.6
1088.6
1308.2
162.1
N/A
398.4
757.6
624.8
N/A
628.6
614.6
68.6
533.5
N/A
N/A
483
N/A
N/A
N/A
1212.9
738.8
965.8
1290.4
1417.8
1161.1
N/A
842.2
617.9
N/A
N/A
1026.8
314.9
1375.3
1147.5
N/A
810.1
374.1
518
430.3
816.8
409.6
N/A
1053.6
1027.3
1022
N/A
N/A
536
861
343.3
520.8
60.9
642.2
699.7
502.1
549.2
351.2
551.7
N/A
N/A
980.3
N/A
613.4
N/A
405.2
599.6
N/A
985.4
2050
1794
611.1
531.7
197
622.6
N/A
805.9
543.6
221.9
566.5
917.1
669.6
1085.4
N/A
N/A
725.4
642.5
N/A
1103.1
761.5
375.9
629.1
525.4
977.9
782.4
534.4
N/A
403.2
1003.6
794
N/A
N/A
727.4
N/A
N/A
N/A
534.8
N/A
200.5
N/A
548.4
393.5
462
682.6
759.9
174.9
750.7
740.3
N/A
660.5
N/A
1119.7
857.3
1179.3
1142.6
209.2
1743.3
N/A
N/A
N/A
N/A
577.3
904.7
270.6
456.1
N/A
840
886.7
518.3
1651.6
196
71.9
N/A
452.8
293.2
704.4
828.4
4079.3
124.3
327.7
236.6
332.7
463.3
N/A
N/A
1994.8
159.8
1407.5
843
876.7
186
452.6
815.5
1081.3
N/A
238.9
N/A
832.8
628.3
N/A
N/A
347.8
472.6
2595.3
664.6
494.1
1010
893
285.7
1149.5
1331.2
N/A
869.2
940.7
N/A
1031.9
294.5
667.6
981.9
771.7
705.9
611.1
236.6
1870.9
1018.9
231.3
514.2
377.1
486
520.1
1536.5
290.5
295
525.4
352.2
862
236.6
851
557.4
631.6
555.2
1017.6
333.5
542.5
656.7
174
334
231.6
776
1170.9
351.9
1347.9
284.7
11.7
1083.1
645.6
625.5
N/A
2716.6
775
1061.3
1229.7
1042.8
N/A
1220.8
31.4
520.1
760.5
1140.3
1090.1
252
1536.5
944.7
752
1143.8
305
1088.6
175
N/A
943.9
623.7
710.2
208.4
1338.8
460.6
802.6
N/A
258.6
340.5
538.5
502.1
573.1
108.8
N/A
985.4
553.6
497.3
708.1
669.6
942.2
430.3
N/A
1035.4
600.3
525.4
807.5
879.2
200.6
364
830.3
N/A
524.3
962
N/A
893.5
931.7
N/A
1383.7
1284.4
2048
700.5
1158.2
34.6
664.7
N/A
2414.6
2341.2
712.7
N/A
236.6
765.7
186
1422.5
986
337.2
822.4
259.9
480.4
752.9
2744.5
1438.2
1723.7
2297.8
760.5
1193
1536.5
2061.8
2557.6
409.3
1374.3
1477.2
694.7
1285.6
1174.1
N/A
5201.1
623
522.8
873.1
1017.7
973.9
874.1
1006.6
893.5
931.7
921.2
1967.1
394.1
523.6
2232.7
740.8
2917.1
613.4
1573.8
948.9
906
2308.3
597.4
858
1103.8
546.1
946.2
1536.5
664.6
212.6
1126.3
423.8
1147.5
N/A
820
564
271.7
2010.8
224.3
611.1
1090.4
1625.1
1801.2
212.3
N/A
831
769.8
932.6
900
524.4
217.5
732.5
832.6
582.2
558
631.8
638.6
466.3
1583.2
1007.8
1911.1
2210.4
1741.4
1196.1
452.2
374.5
1964.8
212.6
2144.1
898.7
247.7
840.2
533.5
1026.8
1147.5
1285.6
2010.8
224.3
554.4
775.3
2050
1780.3
611.1
288.4
N/A
1811.7
775.9
752
1331.2
379
N/A
527.2
885.9
434.2
370.2
1668.6
1815.1
647.3
338.9
1976.6
717.2
904.7
257.4
196
71.9
1870.9
N/A
1255.6
299.2
452.6
617.9
613.4
377.9
545.3
97.4
N/A
528.2
635.7
100.4
958.9
597.4
858
1512.8
696.8
841.7
562.3
546.1
265.6
560.3
1134.3
551.8
601.6
212.6
880.3
837.9
138.2
1010
1026.8
1147.5
742.9
639.1
305.4
548.9
N/A
377.4
224.3
739.1
339.6
661.3
760.1
352.2
1119.7
752
378.2
N/A
536.1
650.2
519.1
212.3
1003.6
706.9
660.7
770.9
782.3
480.2
462
461.3
863.7
621.1
613.4
598.4
904.7
350.7
534.8
887.7
512.5
503.8
236.6
811.5
749.7
183.3
390.9
452.6
542.6
378.6
1083.1
N/A
468
752.7
832.8
601.4
1141.2
374.1
634
224.3
805.1
N/A
166
591.5
520.6
642.1
674.6
467.6
863.7
909.5
530.6